<?xml version="1.0"?>
<opencv_storage>

    <!--calibration parameters-->
    <LeftIntrinsicMatrix type_id="opencv-matrix">
        <rows>3</rows>
        <cols>3</cols>
        <dt>d</dt>
        <data>
            8.482899070351846e+02 0.0 3.229823972500755e+02
            0.0 8.462336880931919e+02 2.536682498650074e+02
            0.0 0.0 1.0
        </data>
    </LeftIntrinsicMatrix>
    <LeftRadialDistortion type_id="opencv-matrix">
        <rows>5</rows>
        <cols>1</cols>
        <dt>d</dt>
        <data>
            0.098114842081338 -0.767944418450459 0.0 0.0 0.0
        </data>
    </LeftRadialDistortion>

    <RightIntrinsicMatrix type_id="opencv-matrix">
        <rows>3</rows>
        <cols>3</cols>
        <dt>d</dt>
        <data>
            8.475855779017905e+02 0.0 3.121333349687382e+02
            0.0 8.460639192827502e+02 2.662981517616449e+02
            0.0 0.0 1.0
        </data>
    </RightIntrinsicMatrix>
    <RightRadialDistortion type_id="opencv-matrix">
        <rows>5</rows>
        <cols>1</cols>
        <dt>d</dt>
        <data>
            0.078747148868021 -0.361240551590716 0.0 0.0 0.0
        </data>
    </RightRadialDistortion>

    <RotationOfCameraR type_id="opencv-matrix">
        <rows>3</rows>
        <cols>3</cols>
        <dt>d</dt>
        <data>
            0.999996044779076 -3.888190915600087e-04 -0.002785542302537
            4.336457010558552e-04 0.999870129735108 0.016110109090377
            0.002778916625439 -0.016111253309781 0.999866343637577
        </data>
    </RotationOfCameraR>

    <TranslationOfCameraR type_id="opencv-matrix">
        <rows>3</rows>
        <cols>1</cols>
        <dt>d</dt>
        <data>
            -39.629636588982170 -0.910808228489378 0.028440095500089
        </data>
    </TranslationOfCameraR>

</opencv_storage>
