<?xml version="1.0"?>
<opencv_storage>

    <!--calibration parameters-->
    <camera_matrix type_id="opencv-matrix">
        <rows>3</rows>
        <cols>3</cols>
        <dt>d</dt>
        <data>
            1.017527520638639e+03 0.0 3.185096359375476e+02
            0.0 1.016415265950733e+03 2.700366628860318e+02
            0.0 0.0 1.0
        </data>
    </camera_matrix>
    <distortion_coeff type_id="opencv-matrix">
        <rows>5</rows>
        <cols>1</cols>
        <dt>d</dt>
        <data>
            -0.136468353054611 0.128713868689761 0.0 0.0 0.0
        </data>
    </distortion_coeff>

</opencv_storage>
