<?xml version="1.0"?>
<opencv_storage>

    <!--calibration parameters-->
    <camera_matrix type_id="opencv-matrix">
        <rows>3</rows>
        <cols>3</cols>
        <dt>d</dt>
        <data>
            1.575327817241370e+03 0.0 3.231871700544765e+02
            0.0 1.566830947113384e+03 2.305314623574615e+02
            0.0 0.0 1.0
        </data>
    </camera_matrix>
    <distortion_coeff type_id="opencv-matrix">
        <rows>5</rows>
        <cols>1</cols>
        <dt>d</dt>
        <data>
            -0.228934716436578 3.994613991792160 0.0 0.0 1.0
        </data>
    </distortion_coeff>

</opencv_storage>
